64 64
0.356027 0.357168 0.358224 0.359194 0.360077 0.360871 0.361575 0.362189 0.362711 0.367069 0.375082 0.382908 0.390443 0.397588 0.404358 0.410859 0.417085 0.423027 0.428679 0.434035 0.439088 0.443831 0.448260 0.452369 0.456152 0.459605 0.462723 0.465503 0.467940 0.470031 0.471773 0.490973 0.513706 0.535567 0.556318 0.575859 0.594565 0.612464 0.629538 0.645770 0.661141 0.675637 0.689242 0.701942 0.713722 0.724572 0.734478 0.743430 0.751418 0.758435 0.764471 0.769519 0.773575 0.776633 0.778690 0.779741 0.779890 0.779890 0.779890 0.779890 0.756388 0.723692 0.685272 0.642110 0.595179
0.356474 0.357578 0.358597 0.359531 0.360377 0.361136 0.361805 0.362384 0.362872 0.370525 0.378427 0.386106 0.393460 0.400403 0.407027 0.413385 0.419467 0.425267 0.430778 0.435993 0.440906 0.445512 0.449804 0.453777 0.457426 0.460747 0.463734 0.466385 0.468694 0.470659 0.473393 0.496533 0.518986 0.540505 0.560857 0.580119 0.598594 0.616265 0.633112 0.649119 0.664267 0.678542 0.691928 0.704411 0.715977 0.726615 0.736311 0.745057 0.752842 0.759657 0.765495 0.770349 0.774213 0.777083 0.778953 0.779823 0.779890 0.779890 0.779890 0.779890 0.763977 0.735059 0.699764 0.659100 0.614070
0.356920 0.357986 0.358968 0.359864 0.360674 0.361396 0.362029 0.362573 0.366119 0.374049 0.381822 0.389337 0.396494 0.403247 0.409723 0.415932 0.421868 0.427522 0.432888 0.437959 0.442730 0.447194 0.451346 0.455181 0.458693 0.461878 0.464731 0.467249 0.469428 0.471264 0.479430 0.502326 0.524466 0.545609 0.565549 0.584566 0.602799 0.620229 0.636837 0.652607 0.667521 0.681563 0.694719 0.706974 0.718315 0.728729 0.738206 0.746734 0.754305 0.760909 0.766538 0.771187 0.774849 0.777520 0.779196 0.779874 0.779890 0.779890 0.779890 0.779890 0.770011 0.745117 0.713187 0.675255 0.632354
0.357365 0.358391 0.359334 0.360193 0.360965 0.361649 0.362246 0.362753 0.369808 0.377630 0.385256 0.392589 0.399532 0.406115 0.412439 0.418497 0.424282 0.429787 0.435005 0.439929 0.444554 0.448874 0.452882 0.456575 0.459947 0.462993 0.465709 0.468092 0.470137 0.471841 0.485715 0.508334 0.530127 0.550860 0.570430 0.589191 0.607170 0.624347 0.640705 0.656227 0.670894 0.684692 0.697607 0.709622 0.720727 0.730908 0.740154 0.748454 0.755800 0.762182 0.767593 0.772027 0.775478 0.777941 0.779413 0.779890 0.779890 0.779890 0.779890 0.779890 0.774545 0.753902 0.725559 0.690576 0.650016
0.357806 0.358793 0.359696 0.360516 0.361249 0.361896 0.362455 0.365734 0.373562 0.381256 0.388718 0.395850 0.402575 0.409002 0.415170 0.421074 0.426705 0.432057 0.437123 0.441897 0.446373 0.450545 0.454407 0.457955 0.461184 0.464088 0.466664 0.468908 0.470817 0.472387 0.492234 0.514539 0.535949 0.556237 0.575491 0.593985 0.611698 0.628611 0.644707 0.659968 0.674378 0.687922 0.700583 0.712349 0.723206 0.733143 0.742147 0.750209 0.757320 0.763471 0.768654 0.772863 0.776093 0.778338 0.779596 0.779890 0.779890 0.779890 0.779890 0.779890 0.777653 0.761467 0.736914 0.705081 0.667057
0.358242 0.359188 0.360052 0.360832 0.361526 0.362134 0.362655 0.369648 0.377369 0.384917 0.392194 0.399108 0.405634 0.411901 0.417911 0.423657 0.429131 0.434327 0.439239 0.443859 0.448183 0.452204 0.455917 0.459317 0.462399 0.465159 0.467592 0.469695 0.471464 0.476282 0.498966 0.520921 0.541912 0.561750 0.580723 0.598937 0.616373 0.633011 0.648834 0.663824 0.677965 0.691242 0.703640 0.715145 0.725744 0.735426 0.744179 0.751992 0.758858 0.764767 0.769712 0.773687 0.776686 0.778705 0.779741 0.779890 0.779890 0.779890 0.779890 0.779890 0.779427 0.767883 0.747303 0.718801 0.683492
0.358672 0.359578 0.360400 0.361140 0.361794 0.362363 0.365914 0.373624 0.381217 0.388598 0.395672 0.402351 0.408703 0.414807 0.420656 0.426240 0.431555 0.436592 0.441346 0.445810 0.449978 0.453845 0.457406 0.460655 0.463588 0.466200 0.468488 0.470448 0.472075 0.483521 0.505892 0.527458 0.547992 0.567434 0.586115 0.604038 0.621185 0.637536 0.653074 0.667782 0.681644 0.694644 0.706768 0.718002 0.728333 0.737749 0.746240 0.753796 0.760406 0.766064 0.770762 0.774493 0.777253 0.779036 0.779840 0.779890 0.779890 0.779890 0.779890 0.779890 0.779890 0.773238 0.756794 0.731784 0.699351
0.359095 0.359959 0.360740 0.361438 0.362052 0.362581 0.370045 0.377648 0.385093 0.392286 0.399137 0.405591 0.411777 0.417715 0.423398 0.428819 0.433970 0.438845 0.443438 0.447743 0.451753 0.455464 0.458870 0.461965 0.464746 0.467209 0.469348 0.471161 0.472645 0.490971 0.512988 0.534126 0.554166 0.573278 0.591655 0.609277 0.626123 0.642177 0.657420 0.671835 0.685407 0.698119 0.709958 0.720910 0.730963 0.740104 0.748324 0.755611 0.761957 0.767354 0.771795 0.775273 0.777784 0.779323 0.779887 0.779890 0.779890 0.779890 0.779890 0.779890 0.779890 0.777635 0.765466 0.744090 0.714674
0.359510 0.360330 0.361070 0.361726 0.362299 0.366655 0.374233 0.381707 0.388982 0.395967 0.402575 0.408831 0.414848 0.420617 0.426133 0.431386 0.436372 0.441082 0.445512 0.449654 0.453504 0.457055 0.460303 0.463243 0.465870 0.468179 0.470168 0.471833 0.476261 0.498610 0.520231 0.540899 0.560475 0.579271 0.597333 0.614642 0.631178 0.646923 0.661860 0.675972 0.689242 0.701657 0.713201 0.723861 0.733626 0.742482 0.750420 0.757429 0.763501 0.768628 0.772803 0.776020 0.778274 0.779560 0.779890 0.779890 0.779890 0.779890 0.779890 0.779890 0.779890 0.781191 0.773414 0.755792 0.729517
0.359914 0.360691 0.361388 0.362002 0.363470 0.370994 0.378464 0.385786 0.392868 0.399624 0.405984 0.412067 0.417911 0.423509 0.428853 0.433937 0.438754 0.443297 0.447561 0.451538 0.455225 0.458614 0.461702 0.464482 0.466952 0.469107 0.470943 0.472456 0.484420 0.506411 0.527594 0.547751 0.566932 0.585401 0.603137 0.620122 0.636337 0.651763 0.666384 0.680182 0.693141 0.705248 0.716487 0.726845 0.736311 0.744873 0.752520 0.759242 0.765031 0.769879 0.773780 0.776726 0.778713 0.779738 0.779890 0.779890 0.779890 0.779890 0.779890 0.779890 0.779890 0.784037 0.780747 0.766977 0.743945
0.360307 0.361040 0.361693 0.362265 0.367949 0.375386 0.382723 0.389869 0.396736 0.403242 0.409384 0.415291 0.420960 0.426384 0.431555 0.436466 0.441112 0.445485 0.449579 0.453390 0.456910 0.460135 0.463060 0.465680 0.467991 0.469988 0.471668 0.473028 0.492760 0.514347 0.535048 0.554685 0.573525 0.591655 0.609056 0.625707 0.641590 0.656686 0.670980 0.684454 0.697092 0.708881 0.719805 0.729853 0.739011 0.747269 0.754615 0.761041 0.766538 0.771098 0.774715 0.777382 0.779096 0.779851 0.779890 0.779890 0.779890 0.779890 0.779890 0.779890 0.779890 0.786315 0.787583 0.777741 0.758033
0.360687 0.361376 0.361985 0.365112 0.372489 0.379812 0.386991 0.393938 0.400569 0.406811 0.412769 0.418497 0.423988 0.429235 0.434230 0.438967 0.443438 0.447639 0.451562 0.455203 0.458555 0.461613 0.464373 0.466830 0.468979 0.470817 0.472340 0.479365 0.501251 0.522389 0.542562 0.561750 0.580240 0.598022 0.615076 0.631382 0.646923 0.661681 0.675637 0.688777 0.701085 0.712546 0.723146 0.732873 0.741714 0.749659 0.756696 0.762817 0.768013 0.772277 0.775602 0.777982 0.779413 0.779890 0.779890 0.779890 0.779890 0.779890 0.779890 0.779890 0.779890 0.788180 0.794051 0.788191 0.771866
0.361053 0.361697 0.362494 0.369789 0.377073 0.384256 0.391253 0.397977 0.404349 0.410356 0.416132 0.421679 0.426990 0.432057 0.436874 0.441433 0.445729 0.449754 0.453504 0.456972 0.460154 0.463043 0.465636 0.467927 0.469913 0.471589 0.472953 0.488392 0.509864 0.530504 0.550121 0.568935 0.587065 0.604488 0.621185 0.637137 0.652326 0.666734 0.680345 0.693141 0.705108 0.716232 0.726499 0.735896 0.744411 0.752033 0.758753 0.764560 0.769447 0.773406 0.776430 0.778515 0.779656 0.779890 0.779890 0.779890 0.779890 0.779890 0.779890 0.779890 0.779890 0.789820 0.800294 0.798441 0.785538
0.361403 0.362002 0.367297 0.374519 0.381682 0.388699 0.395488 0.401966 0.408062 0.413875 0.419467 0.424830 0.429958 0.434844 0.439480 0.443859 0.447976 0.451825 0.455399 0.458693 0.461702 0.464420 0.466843 0.468967 0.470788 0.472301 0.475846 0.497557 0.518564 0.538659 0.557784 0.576226 0.593985 0.611039 0.627370 0.642958 0.657786 0.671835 0.685090 0.697533 0.709151 0.719929 0.729853 0.738911 0.747091 0.754382 0.760775 0.766260 0.770830 0.774476 0.777192 0.778974 0.779817 0.779890 0.779890 0.779890 0.779890 0.779890 0.779890 0.779890 0.779890 0.791410 0.806567 0.808646 0.799150
0.361737 0.365021 0.372162 0.379283 0.386297 0.393122 0.399678 0.405886 0.411735 0.417361 0.422766 0.427944 0.432888 0.437589 0.442042 0.446240 0.450176 0.453845 0.457241 0.460359 0.463193 0.465738 0.467991 0.469945 0.471598 0.472946 0.485543 0.506825 0.527317 0.546828 0.565549 0.583609 0.600988 0.617664 0.633619 0.648834 0.663290 0.676971 0.689860 0.701942 0.713201 0.723624 0.733196 0.741907 0.749744 0.756696 0.762754 0.767909 0.772153 0.775478 0.777879 0.779350 0.779888 0.779890 0.779890 0.779890 0.779890 0.779890 0.779890 0.779890 0.779890 0.793102 0.813010 0.819132 0.812903
0.362970 0.370013 0.377071 0.384059 0.390897 0.397503 0.403802 0.409723 0.415371 0.420808 0.426025 0.431015 0.435771 0.440286 0.444554 0.448568 0.452322 0.455810 0.459026 0.461965 0.464623 0.466993 0.469072 0.470856 0.472340 0.473890 0.495359 0.516159 0.536085 0.555074 0.573402 0.591070 0.608059 0.624347 0.639917 0.654749 0.668825 0.682129 0.694644 0.706355 0.717247 0.727306 0.736518 0.744873 0.752358 0.758963 0.764678 0.769495 0.773406 0.776403 0.778481 0.779634 0.779890 0.779890 0.779890 0.779890 0.779890 0.779890 0.779890 0.779890 0.779890 0.795057 0.819710 0.829974 0.827168
0.368077 0.375056 0.382000 0.388828 0.395461 0.401822 0.407839 0.413507 0.418964 0.424209 0.429235 0.434035 0.438602 0.442929 0.447010 0.450838 0.454407 0.457712 0.460747 0.463506 0.465985 0.468179 0.470084 0.471695 0.473008 0.484234 0.505256 0.525520 0.544839 0.563401 0.581327 0.598594 0.615184 0.631076 0.646251 0.660691 0.674378 0.687296 0.699429 0.710760 0.721276 0.730963 0.739808 0.747798 0.754924 0.761174 0.766538 0.771009 0.774579 0.777241 0.778988 0.779817 0.779890 0.779890 0.779890 0.779890 0.779890 0.779890 0.779890 0.779890 0.779890 0.797445 0.826766 0.841205 0.841950
0.373247 0.380128 0.386927 0.393564 0.399965 0.406057 0.411777 0.417243 0.422505 0.427557 0.432390 0.436999 0.441375 0.445512 0.449404 0.453044 0.456427 0.459547 0.462399 0.464977 0.467276 0.469291 0.471020 0.472456 0.473597 0.494676 0.515194 0.534867 0.553646 0.571795 0.589309 0.606167 0.622349 0.637835 0.652607 0.666647 0.679937 0.692460 0.704201 0.715145 0.725277 0.734583 0.743052 0.750671 0.757429 0.763316 0.768323 0.772441 0.775663 0.777982 0.779392 0.779889 0.779890 0.779890 0.779890 0.779890 0.779890 0.779890 0.779890 0.779890 0.779890 0.800428 0.834276 0.852862 0.857231
0.378453 0.385205 0.391828 0.398246 0.404388 0.410184 0.415652 0.420922 0.425989 0.430845 0.435484 0.439899 0.444082 0.448028 0.451730 0.455181 0.458376 0.461309 0.463976 0.466371 0.468488 0.470324 0.471875 0.473136 0.484475 0.505171 0.525128 0.544174 0.562513 0.580240 0.597333 0.613773 0.629538 0.644610 0.658971 0.672602 0.685486 0.697607 0.708948 0.719496 0.729236 0.738155 0.746240 0.753480 0.759863 0.765380 0.770022 0.773780 0.776647 0.778616 0.779683 0.779890 0.779890 0.779890 0.779890 0.779890 0.779890 0.779890 0.779890 0.779890 0.779890 0.804157 0.842332 0.864983 0.872995
0.383671 0.390262 0.396678 0.402849 0.408705 0.414200 0.419467 0.424538 0.429408 0.434068 0.438511 0.442730 0.446719 0.450471 0.453981 0.457241 0.460247 0.462993 0.465473 0.467683 0.469618 0.471273 0.472645 0.474708 0.495510 0.515675 0.535013 0.553516 0.571423 0.588720 0.605384 0.621397 0.636738 0.651387 0.665328 0.678542 0.691012 0.702723 0.713657 0.723802 0.733143 0.741666 0.749360 0.756213 0.762214 0.767354 0.771624 0.775015 0.777520 0.779134 0.779851 0.779890 0.779890 0.779890 0.779890 0.779890 0.779890 0.779890 0.779890 0.779890 0.779890 0.807812 0.851016 0.877600 0.889229
0.388875 0.395271 0.401452 0.407347 0.412892 0.418146 0.423213 0.428085 0.432755 0.437217 0.441462 0.445485 0.449278 0.452836 0.456152 0.459220 0.462035 0.464592 0.466884 0.468908 0.470659 0.472132 0.473324 0.486263 0.506566 0.526140 0.544839 0.562894 0.580361 0.597218 0.613446 0.629023 0.643932 0.658151 0.671664 0.684454 0.696502 0.707794 0.718315 0.728049 0.736982 0.745103 0.752399 0.758858 0.764471 0.769227 0.773118 0.776136 0.778274 0.779525 0.779890 0.779890 0.779890 0.779890 0.779890 0.779890 0.779890 0.779890 0.779890 0.779890 0.779890 0.810819 0.860389 0.890730 0.905909
0.394035 0.400207 0.406122 0.411715 0.416966 0.422018 0.426883 0.431555 0.436025 0.440286 0.444333 0.448157 0.451753 0.455115 0.458236 0.461111 0.463734 0.466100 0.468204 0.470041 0.471607 0.472897 0.477476 0.497852 0.517593 0.536514 0.554685 0.572290 0.589309 0.605720 0.621503 0.636637 0.651105 0.664887 0.677965 0.690322 0.701942 0.712808 0.722907 0.732223 0.740743 0.748454 0.755345 0.761404 0.766621 0.770987 0.774493 0.777132 0.778896 0.779780 0.779890 0.779890 0.779890 0.779890 0.779890 0.779890 0.779890 0.779890 0.779890 0.779890 0.779890 0.814482 0.865332 0.904377 0.923001
0.399125 0.405041 0.410663 0.415932 0.420960 0.425809 0.430471 0.434940 0.439209 0.443269 0.447115 0.450741 0.454139 0.457303 0.460228 0.462909 0.465339 0.467513 0.469428 0.471077 0.472456 0.473562 0.489579 0.509423 0.528537 0.546828 0.564540 0.581688 0.598251 0.614208 0.629538 0.644223 0.658242 0.671579 0.684215 0.696133 0.707316 0.717750 0.727420 0.736311 0.744411 0.751706 0.758185 0.763838 0.768654 0.772623 0.775739 0.777992 0.779377 0.779887 0.779890 0.779890 0.779890 0.779890 0.779890 0.779890 0.779890 0.779890 0.779890 0.779890 0.779890 0.818793 0.869424 0.918017 0.940459
0.404114 0.409746 0.415046 0.420044 0.424867 0.429511 0.433970 0.438235 0.442301 0.446159 0.449804 0.453229 0.456427 0.459394 0.462122 0.464607 0.466843 0.468825 0.470549 0.472009 0.473202 0.481788 0.501675 0.520919 0.539353 0.557140 0.574387 0.591070 0.607170 0.622665 0.637536 0.651763 0.665328 0.678212 0.690399 0.701871 0.712612 0.722607 0.731841 0.740301 0.747974 0.754847 0.760909 0.766148 0.770557 0.774124 0.776843 0.778705 0.779705 0.779890 0.779890 0.779890 0.779890 0.779890 0.779890 0.779890 0.779890 0.779890 0.779890 0.779890 0.779890 0.823746 0.874123 0.922463 0.958215
0.408974 0.414292 0.419274 0.424062 0.428679 0.433119 0.437372 0.441433 0.445294 0.448950 0.452392 0.455616 0.458614 0.461381 0.463912 0.466200 0.468242 0.470031 0.471563 0.472833 0.474514 0.494392 0.513705 0.532283 0.550121 0.567434 0.584208 0.600419 0.616049 0.631076 0.645480 0.659243 0.672347 0.684772 0.696502 0.707521 0.717813 0.727363 0.736156 0.744179 0.751418 0.757863 0.763501 0.768323 0.772318 0.775478 0.777795 0.779261 0.779871 0.779890 0.779890 0.779890 0.779890 0.779890 0.779890 0.779890 0.779890 0.779890 0.779890 0.779890 0.779890 0.829329 0.879419 0.927475 0.973449
0.413673 0.418653 0.423398 0.427980 0.432390 0.436623 0.440671 0.444526 0.448183 0.451634 0.454873 0.457895 0.460692 0.463259 0.465591 0.467683 0.469529 0.471124 0.472464 0.473545 0.487606 0.506937 0.525609 0.543508 0.560858 0.577691 0.593985 0.609718 0.624871 0.639423 0.653354 0.666647 0.679282 0.691242 0.702510 0.713070 0.722907 0.732005 0.740350 0.747930 0.754731 0.760742 0.765951 0.770349 0.773926 0.776673 0.778583 0.779649 0.779890 0.779890 0.779890 0.779890 0.779890 0.779890 0.779890 0.779890 0.779890 0.779890 0.779890 0.779890 0.783781 0.835532 0.885302 0.933040 0.978699
0.418182 0.422878 0.427416 0.431790 0.435993 0.440019 0.443859 0.447509 0.450960 0.454206 0.457241 0.460060 0.462655 0.465022 0.467155 0.469049 0.470699 0.472100 0.473247 0.481350 0.500649 0.519361 0.537327 0.554685 0.571547 0.587893 0.603701 0.618949 0.633619 0.647689 0.661141 0.673957 0.686118 0.697607 0.708407 0.718502 0.727878 0.736518 0.744411 0.751542 0.757899 0.763471 0.768246 0.772215 0.775368 0.777698 0.779196 0.779856 0.779890 0.779890 0.779890 0.779890 0.779890 0.779890 0.779890 0.779890 0.779890 0.779890 0.779890 0.779890 0.790946 0.842342 0.891760 0.939147 0.984458
0.422505 0.426990 0.431319 0.435484 0.439480 0.443297 0.446931 0.450373 0.453618 0.456659 0.459490 0.462105 0.464498 0.466664 0.468598 0.470293 0.471747 0.472953 0.475651 0.494873 0.513576 0.531598 0.548938 0.565801 0.582169 0.598022 0.613337 0.628095 0.642275 0.655858 0.668825 0.681158 0.692839 0.703850 0.714177 0.723802 0.732711 0.740889 0.748324 0.755001 0.760909 0.766036 0.770372 0.773908 0.776633 0.778541 0.779623 0.779890 0.779890 0.779890 0.779890 0.779890 0.779890 0.779890 0.779890 0.779890 0.779890 0.779890 0.779890 0.779890 0.798739 0.849747 0.898779 0.945784 0.990714
0.426705 0.430981 0.435101 0.439057 0.442844 0.446453 0.449879 0.453114 0.456152 0.458987 0.461613 0.464024 0.466215 0.468179 0.469913 0.471410 0.472667 0.473678 0.489635 0.508283 0.526316 0.543641 0.560475 0.576837 0.592706 0.608059 0.622876 0.637137 0.650822 0.663912 0.676389 0.688233 0.699429 0.709958 0.719805 0.728955 0.737392 0.745103 0.752074 0.758292 0.763747 0.768425 0.772318 0.775416 0.777709 0.779190 0.779852 0.779890 0.779890 0.779890 0.779890 0.779890 0.779890 0.779890 0.779890 0.779890 0.779890 0.779890 0.779890 0.779890 0.807142 0.857731 0.906345 0.952935 0.997454
0.430778 0.434844 0.438754 0.442502 0.446079 0.449479 0.452696 0.455723 0.458555 0.461184 0.463604 0.465811 0.467799 0.469562 0.471096 0.472395 0.473454 0.484958 0.503511 0.521509 0.538814 0.555591 0.571919 0.587775 0.603137 0.617986 0.632300 0.646059 0.659243 0.671835 0.683816 0.695167 0.705872 0.715914 0.725277 0.733946 0.741907 0.749145 0.755648 0.761404 0.766400 0.770625 0.774070 0.776726 0.778583 0.779634 0.779890 0.779890 0.779890 0.779890 0.779890 0.779890 0.779890 0.779890 0.779890 0.779890 0.779890 0.779890 0.779890 0.779890 0.816142 0.866278 0.914442 0.960586 1.004662
0.434715 0.438572 0.442272 0.445810 0.449177 0.452369 0.455377 0.458196 0.460820 0.463243 0.465458 0.467461 0.469246 0.470807 0.472140 0.473241 0.480862 0.499282 0.517203 0.534475 0.551169 0.567434 0.583250 0.598594 0.613446 0.627784 0.641590 0.654841 0.667521 0.679609 0.691089 0.701942 0.712151 0.721701 0.730576 0.738760 0.746240 0.753002 0.759033 0.764321 0.768855 0.772623 0.775617 0.777827 0.779244 0.779861 0.779890 0.779890 0.779890 0.779890 0.779890 0.779890 0.779890 0.779890 0.779890 0.779890 0.779890 0.779890 0.779890 0.779890 0.825720 0.875372 0.923055 0.968721 1.012322
0.438511 0.442157 0.445647 0.448975 0.452133 0.455115 0.457915 0.460526 0.462942 0.465159 0.467169 0.468967 0.470549 0.471909 0.473042 0.477361 0.495615 0.513420 0.530631 0.547224 0.563401 0.579150 0.594449 0.609277 0.623613 0.637437 0.650728 0.663468 0.675637 0.687218 0.698192 0.708542 0.718252 0.727306 0.735687 0.743383 0.750378 0.756659 0.762214 0.767031 0.771098 0.774406 0.776945 0.778705 0.779680 0.779890 0.779890 0.779890 0.779890 0.779890 0.779890 0.779890 0.779890 0.779890 0.779890 0.779890 0.779890 0.779890 0.779890 0.784807 0.835857 0.884993 0.932164 0.977321 1.020417
0.442157 0.445593 0.448874 0.451991 0.454939 0.457712 0.460303 0.462706 0.464915 0.466925 0.468730 0.470324 0.471703 0.472862 0.474470 0.492527 0.510181 0.527290 0.543774 0.559836 0.575491 0.590719 0.605496 0.619803 0.633619 0.646923 0.659697 0.671921 0.683576 0.694644 0.705108 0.714952 0.724158 0.732711 0.740596 0.747798 0.754305 0.760102 0.765177 0.769519 0.773118 0.775962 0.778042 0.779350 0.779878 0.779890 0.779890 0.779890 0.779890 0.779890 0.779890 0.779890 0.779890 0.779890 0.779890 0.779890 0.779890 0.779890 0.779890 0.796035 0.846534 0.895123 0.941751 0.986368 1.028929
0.445647 0.448874 0.451944 0.454851 0.457590 0.460154 0.462536 0.464731 0.466733 0.468537 0.470137 0.471527 0.472704 0.473661 0.490031 0.507501 0.524473 0.540832 0.556754 0.572290 0.587420 0.602121 0.616373 0.630154 0.643446 0.656227 0.668478 0.680182 0.691318 0.701871 0.711821 0.721154 0.729853 0.737902 0.745286 0.751992 0.758007 0.763316 0.767909 0.771773 0.774899 0.777277 0.778896 0.779749 0.779890 0.779890 0.779890 0.779890 0.779890 0.779890 0.779890 0.779890 0.779890 0.779890 0.779890 0.779890 0.779890 0.779890 0.779890 0.807812 0.857731 0.905742 0.951795 0.995842 1.037838
0.448975 0.451991 0.454851 0.457549 0.460079 0.462433 0.464607 0.466595 0.468390 0.469988 0.471383 0.472570 0.473545 0.488136 0.505394 0.522194 0.538409 0.554166 0.569559 0.584566 0.599166 0.613337 0.627059 0.640311 0.653074 0.665328 0.677054 0.688233 0.698848 0.708881 0.718315 0.727133 0.735321 0.742863 0.749744 0.755950 0.761469 0.766288 0.770395 0.773780 0.776430 0.778338 0.779494 0.779890 0.779890 0.779890 0.779890 0.779890 0.779890 0.779890 0.779890 0.779890 0.779890 0.779890 0.779890 0.779890 0.779890 0.779890 0.779890 0.820116 0.869424 0.916827 0.962276 1.005724 1.047123
0.452133 0.454939 0.457590 0.460079 0.462399 0.464545 0.466511 0.468291 0.469880 0.471273 0.472464 0.473448 0.486851 0.503870 0.520467 0.536515 0.552083 0.567309 0.582169 0.596643 0.610710 0.624347 0.637536 0.650256 0.662487 0.674210 0.685407 0.696059 0.706148 0.715658 0.724572 0.732873 0.740547 0.747578 0.753953 0.759657 0.764678 0.769004 0.772623 0.775525 0.777698 0.779134 0.779825 0.779890 0.779890 0.779890 0.779890 0.779890 0.779890 0.779890 0.779890 0.779890 0.779890 0.779890 0.779890 0.779890 0.779890 0.779890 0.782410 0.832925 0.881591 0.928356 0.973172 1.015990 1.056765
0.455115 0.457712 0.460154 0.462433 0.464545 0.466483 0.468242 0.469815 0.471199 0.472387 0.473374 0.486181 0.502935 0.519301 0.535153 0.550514 0.565549 0.580240 0.594565 0.608502 0.622032 0.635133 0.647785 0.659968 0.671664 0.682854 0.693518 0.703640 0.713201 0.722185 0.730576 0.738357 0.745515 0.752033 0.757899 0.763099 0.767620 0.771450 0.774579 0.776995 0.778690 0.779652 0.779890 0.779890 0.779890 0.779890 0.779890 0.779890 0.779890 0.779890 0.779890 0.779890 0.779890 0.779890 0.779890 0.779890 0.779890 0.779890 0.796373 0.846213 0.894207 0.940305 0.984458 1.026618 1.066740
0.457915 0.460303 0.462536 0.464607 0.466511 0.468242 0.469794 0.471161 0.472340 0.473324 0.486128 0.502596 0.518703 0.534329 0.549464 0.564287 0.578786 0.592939 0.606725 0.620122 0.633112 0.645673 0.657786 0.669431 0.680589 0.691242 0.701371 0.710960 0.719990 0.728446 0.736311 0.743571 0.750209 0.756213 0.761567 0.766260 0.770279 0.773613 0.776249 0.778179 0.779392 0.779880 0.779890 0.779890 0.779890 0.779890 0.779890 0.779890 0.779890 0.779890 0.779890 0.779890 0.779890 0.779890 0.779890 0.779890 0.779890 0.779890 0.810819 0.859955 0.907248 0.952650 0.996111 1.037585 1.077026
0.460526 0.462706 0.464731 0.466595 0.468291 0.469815 0.471161 0.472324 0.473299 0.486694 0.502853 0.518677 0.534049 0.548938 0.563528 0.577813 0.591772 0.605384 0.618628 0.631484 0.643932 0.655950 0.667521 0.678625 0.689242 0.699356 0.708948 0.718002 0.726499 0.734425 0.741762 0.748497 0.754615 0.760102 0.764944 0.769128 0.772644 0.775478 0.777621 0.779063 0.779794 0.779890 0.779890 0.779890 0.779890 0.779890 0.779890 0.779890 0.779890 0.779890 0.779890 0.779890 0.779890 0.779890 0.779890 0.779890 0.779890 0.779890 0.825720 0.874123 0.920687 0.965365 1.008106 1.048865 1.087597
0.462942 0.464915 0.466733 0.468390 0.469880 0.471199 0.472340 0.473299 0.487876 0.503707 0.519224 0.534316 0.548938 0.563275 0.577325 0.591070 0.604488 0.617556 0.630257 0.642568 0.654471 0.665945 0.676971 0.687531 0.697607 0.707179 0.716232 0.724748 0.732711 0.740104 0.746913 0.753122 0.758717 0.763685 0.768013 0.771688 0.774698 0.777033 0.778681 0.779634 0.779890 0.779890 0.779890 0.779890 0.779890 0.779890 0.779890 0.779890 0.779890 0.779890 0.779890 0.779890 0.779890 0.779890 0.779890 0.779890 0.779890 0.791626 0.841049 0.888690 0.934498 0.978423 1.020417 1.060434 1.098430
0.465159 0.466925 0.468537 0.469988 0.471273 0.472387 0.473996 0.489671 0.505155 0.520344 0.535129 0.549464 0.563528 0.577325 0.590836 0.604038 0.616911 0.629435 0.641590 0.653354 0.664710 0.675637 0.686118 0.696133 0.705664 0.714694 0.723206 0.731183 0.738609 0.745469 0.751747 0.757429 0.762501 0.766949 0.770762 0.773926 0.776430 0.778264 0.779418 0.779881 0.779890 0.779890 0.779890 0.779890 0.779890 0.779890 0.779890 0.779890 0.779890 0.779890 0.779890 0.779890 0.779890 0.779890 0.779890 0.779890 0.779890 0.808146 0.856776 0.903628 0.948652 0.991797 1.033016 1.072264 1.109497
0.467169 0.468730 0.470137 0.471383 0.472464 0.476774 0.492073 0.507193 0.522032 0.536488 0.550514 0.564287 0.577813 0.591070 0.604038 0.616696 0.629023 0.641000 0.652607 0.663824 0.674631 0.685010 0.694943 0.704411 0.713397 0.721883 0.729853 0.737290 0.744179 0.750504 0.756250 0.761404 0.765951 0.769879 0.773176 0.775829 0.777827 0.779159 0.779817 0.779890 0.779890 0.779890 0.779890 0.779890 0.779890 0.779890 0.779890 0.779890 0.779890 0.779890 0.779890 0.779890 0.779890 0.779890 0.779890 0.779890 0.779890 0.825062 0.872872 0.918908 0.963120 1.005458 1.045877 1.084329 1.120773
0.468967 0.470324 0.471527 0.472570 0.480166 0.495075 0.509813 0.524282 0.538386 0.552083 0.565549 0.578786 0.591772 0.604488 0.616911 0.629023 0.640804 0.652233 0.663290 0.673957 0.684215 0.694045 0.703429 0.712349 0.720788 0.728729 0.736156 0.743052 0.749403 0.755192 0.760406 0.765031 0.769054 0.772461 0.775241 0.777382 0.778874 0.779705 0.779890 0.779890 0.779890 0.779890 0.779890 0.779890 0.779890 0.779890 0.779890 0.779890 0.779890 0.779890 0.779890 0.779890 0.779890 0.779890 0.779890 0.779890 0.793663 0.842342 0.889305 0.934498 0.977872 1.019378 1.058969 1.096601 1.132231
0.470549 0.471703 0.472704 0.484162 0.498666 0.513005 0.527086 0.540815 0.554166 0.567309 0.580240 0.592939 0.605384 0.617556 0.629435 0.641000 0.652233 0.663112 0.673619 0.683736 0.693443 0.702723 0.711557 0.719929 0.727820 0.735216 0.742099 0.748454 0.754266 0.759519 0.764201 0.768297 0.771795 0.774681 0.776945 0.778575 0.779560 0.779890 0.779890 0.779890 0.779890 0.779890 0.779890 0.779890 0.779890 0.779890 0.779890 0.779890 0.779890 0.779890 0.779890 0.779890 0.779890 0.779890 0.779890 0.779890 0.812152 0.859955 0.906043 0.950368 0.992878 1.033526 1.072264 1.109050 1.143840
0.471909 0.474588 0.488749 0.502834 0.516758 0.530431 0.543765 0.556754 0.569559 0.582169 0.594565 0.606725 0.618628 0.630257 0.641590 0.652607 0.663290 0.673619 0.683576 0.693141 0.702297 0.711026 0.719311 0.727133 0.734478 0.741327 0.747666 0.753480 0.758753 0.763471 0.767620 0.771187 0.774160 0.776526 0.778274 0.779392 0.779871 0.779890 0.779890 0.779890 0.779890 0.779890 0.779890 0.779890 0.779890 0.779890 0.779890 0.779890 0.779890 0.779890 0.779890 0.779890 0.779890 0.779890 0.779890 0.782410 0.830965 0.877865 0.923055 0.966485 1.008106 1.047870 1.085732 1.121647 1.155573
0.480184 0.493913 0.507564 0.521056 0.534303 0.547221 0.559836 0.572290 0.584566 0.596643 0.608502 0.620122 0.631484 0.642568 0.653354 0.663824 0.673957 0.683736 0.693141 0.702155 0.710760 0.718938 0.726672 0.733946 0.740743 0.747046 0.752842 0.758114 0.762848 0.767031 0.770648 0.773687 0.776136 0.777982 0.779214 0.779823 0.779890 0.779890 0.779890 0.779890 0.779890 0.779890 0.779890 0.779890 0.779890 0.779890 0.779890 0.779890 0.779890 0.779890 0.779890 0.779890 0.779890 0.779890 0.779890 0.802445 0.850068 0.896039 0.940305 0.982817 1.023525 1.062381 1.099342 1.134362 1.167402
0.499636 0.512839 0.525882 0.538686 0.551169 0.563401 0.575491 0.587420 0.599166 0.610710 0.622032 0.633112 0.643932 0.654471 0.664710 0.674631 0.684215 0.693443 0.702297 0.710760 0.718814 0.726441 0.733626 0.740350 0.746600 0.752358 0.757610 0.762342 0.766538 0.770186 0.773272 0.775784 0.777709 0.779036 0.779755 0.779890 0.779890 0.779890 0.779890 0.779890 0.779890 0.779890 0.779890 0.779890 0.779890 0.779890 0.779890 0.779890 0.779890 0.779890 0.779890 0.779890 0.779890 0.779890 0.779890 0.822757 0.869424 0.914442 0.957761 0.999330 1.039100 1.077026 1.113061 1.147164 1.179293
0.518636 0.531215 0.543558 0.555591 0.567434 0.579150 0.590719 0.602121 0.613337 0.624347 0.635133 0.645673 0.655950 0.665945 0.675637 0.685010 0.694045 0.702723 0.711026 0.718938 0.726441 0.733518 0.740154 0.746330 0.752033 0.757247 0.761957 0.766148 0.769808 0.772922 0.775478 0.777463 0.778867 0.779676 0.779890 0.779890 0.779890 0.779890 0.779890 0.779890 0.779890 0.779890 0.779890 0.779890 0.779890 0.779890 0.779890 0.779890 0.779890 0.779890 0.779890 0.779890 0.779890 0.779890 0.796035 0.843311 0.888998 0.933040 0.975387 1.015990 1.054800 1.091771 1.126859 1.160022 1.191218
0.537032 0.548896 0.560475 0.571919 0.583250 0.594449 0.605496 0.616373 0.627059 0.637536 0.647785 0.657786 0.667521 0.676971 0.686118 0.694943 0.703429 0.711557 0.719311 0.726672 0.733626 0.740154 0.746240 0.751870 0.757027 0.761698 0.765866 0.769519 0.772644 0.775225 0.777253 0.778713 0.779596 0.779890 0.779890 0.779890 0.779890 0.779890 0.779890 0.779890 0.779890 0.779890 0.779890 0.779890 0.779890 0.779890 0.779890 0.779890 0.779890 0.779890 0.779890 0.779890 0.779890 0.779890 0.817800 0.864070 0.908752 0.951795 0.993148 1.032762 1.070589 1.106583 1.140702 1.172902 1.203144
0.554673 0.565801 0.576837 0.587775 0.598594 0.609277 0.619803 0.630154 0.640311 0.650256 0.659968 0.669431 0.678625 0.687531 0.696133 0.704411 0.712349 0.719929 0.727133 0.733946 0.740350 0.746330 0.751870 0.756954 0.761567 0.765696 0.769325 0.772441 0.775031 0.777083 0.778583 0.779521 0.779885 0.779890 0.779890 0.779890 0.779890 0.779890 0.779890 0.779890 0.779890 0.779890 0.779890 0.779890 0.779890 0.779890 0.779890 0.779890 0.779890 0.779890 0.779890 0.779890 0.779890 0.792985 0.839754 0.884993 0.928649 0.970671 1.011007 1.049610 1.086432 1.121429 1.154556 1.185773 1.215041
0.571547 0.582169 0.592706 0.603137 0.613446 0.623613 0.633619 0.643446 0.653074 0.662487 0.671664 0.680589 0.689242 0.697607 0.705664 0.713397 0.720788 0.727820 0.734478 0.740743 0.746600 0.752033 0.757027 0.761567 0.765639 0.769227 0.772318 0.774899 0.776958 0.778481 0.779457 0.779874 0.779890 0.779890 0.779890 0.779890 0.779890 0.779890 0.779890 0.779890 0.779890 0.779890 0.779890 0.779890 0.779890 0.779890 0.779890 0.779890 0.779890 0.779890 0.779890 0.779890 0.779890 0.816142 0.861856 0.906043 0.948652 0.989630 1.028929 1.066499 1.102296 1.136273 1.168389 1.198602 1.226874
0.587893 0.598022 0.608059 0.617986 0.627784 0.637437 0.646923 0.656227 0.665328 0.674210 0.682854 0.691242 0.699356 0.707179 0.714694 0.721883 0.728729 0.735216 0.741327 0.747046 0.752358 0.757247 0.761698 0.765696 0.769227 0.772277 0.774833 0.776881 0.778410 0.779407 0.779861 0.779890 0.779890 0.779890 0.779890 0.779890 0.779890 0.779890 0.779890 0.779890 0.779890 0.779890 0.779890 0.779890 0.779890 0.779890 0.779890 0.779890 0.779890 0.779890 0.779890 0.779890 0.793324 0.839429 0.884067 0.927181 0.968721 1.008635 1.046875 1.083392 1.118142 1.151081 1.182165 1.211355 1.238612
0.603701 0.613337 0.622876 0.632300 0.641590 0.650728 0.659697 0.668478 0.677054 0.685407 0.693518 0.701371 0.708948 0.716232 0.723206 0.729853 0.736156 0.742099 0.747666 0.752842 0.757610 0.761957 0.765866 0.769325 0.772318 0.774833 0.776856 0.778374 0.779377 0.779851 0.779890 0.779890 0.779890 0.779890 0.779890 0.779890 0.779890 0.779890 0.779890 0.779890 0.779890 0.779890 0.779890 0.779890 0.779890 0.779890 0.779890 0.779890 0.779890 0.779890 0.779890 0.779890 0.817800 0.862805 0.906345 0.948365 0.988816 1.027646 1.064807 1.100252 1.133936 1.165817 1.195850 1.223998 1.250221
0.618949 0.628095 0.637137 0.646059 0.654841 0.663468 0.671921 0.680182 0.688233 0.696059 0.703640 0.710960 0.718002 0.724748 0.731183 0.737290 0.743052 0.748454 0.753480 0.758114 0.762342 0.766148 0.769519 0.772441 0.774899 0.776881 0.778374 0.779366 0.779845 0.779890 0.779890 0.779890 0.779890 0.779890 0.779890 0.779890 0.779890 0.779890 0.779890 0.779890 0.779890 0.779890 0.779890 0.779890 0.779890 0.779890 0.779890 0.779890 0.779890 0.779890 0.779890 0.797049 0.842342 0.886227 0.928649 0.969557 1.008899 1.046625 1.082688 1.117042 1.149642 1.180444 1.209409 1.236496 1.261668
0.633619 0.642275 0.650822 0.659243 0.667521 0.675637 0.683576 0.691318 0.698848 0.706148 0.713201 0.719990 0.726499 0.732711 0.738609 0.744179 0.749403 0.754266 0.758753 0.762848 0.766538 0.769808 0.772644 0.775031 0.776958 0.778410 0.779377 0.779845 0.779890 0.779890 0.779890 0.779890 0.779890 0.779890 0.779890 0.779890 0.779890 0.779890 0.779890 0.779890 0.779890 0.779890 0.779890 0.779890 0.779890 0.779890 0.779890 0.779890 0.779890 0.779890 0.779890 0.822757 0.866908 0.909653 0.950939 0.990714 1.028929 1.065533 1.100480 1.133724 1.165221 1.194928 1.222806 1.248815 1.272919
0.647689 0.655858 0.663912 0.671835 0.679609 0.687218 0.694644 0.701871 0.708881 0.715658 0.722185 0.728446 0.734425 0.740104 0.745469 0.750504 0.755192 0.759519 0.763471 0.767031 0.770186 0.772922 0.775225 0.777083 0.778481 0.779407 0.779851 0.779890 0.779890 0.779890 0.779890 0.779890 0.779890 0.779890 0.779890 0.779890 0.779890 0.779890 0.779890 0.779890 0.779890 0.779890 0.779890 0.779890 0.779890 0.779890 0.779890 0.779890 0.779890 0.779890 0.804125 0.848463 0.891453 0.933040 0.973172 1.011796 1.048865 1.084329 1.118142 1.150259 1.180636 1.209231 1.236006 1.260920 1.283939
0.661141 0.668825 0.676389 0.683816 0.691089 0.698192 0.705108 0.711821 0.718315 0.724572 0.730576 0.736311 0.741762 0.746913 0.751747 0.756250 0.760406 0.764201 0.767620 0.770648 0.773272 0.775478 0.777253 0.778583 0.779457 0.779861 0.779890 0.779890 0.779890 0.779890 0.779890 0.779890 0.779890 0.779890 0.779890 0.779890 0.779890 0.779890 0.779890 0.779890 0.779890 0.779890 0.779890 0.779890 0.779890 0.779890 0.779890 0.779890 0.779890 0.786516 0.830965 0.874123 0.915934 0.956345 0.995304 1.032762 1.068668 1.102975 1.135637 1.166610 1.195850 1.223317 1.248972 1.272776 1.294694
0.673957 0.681158 0.688233 0.695167 0.701942 0.708542 0.714952 0.721154 0.727133 0.732873 0.738357 0.743571 0.748497 0.753122 0.757429 0.761404 0.765031 0.768297 0.771187 0.773687 0.775784 0.777463 0.778713 0.779521 0.779874 0.779890 0.779890 0.779890 0.779890 0.779890 0.779890 0.779890 0.779890 0.779890 0.779890 0.779890 0.779890 0.779890 0.779890 0.779890 0.779890 0.779890 0.779890 0.779890 0.779890 0.779890 0.779890 0.779890 0.779890 0.814482 0.857731 0.899690 0.940305 0.979524 1.017295 1.053568 1.088295 1.121429 1.152924 1.182737 1.210825 1.237149 1.261668 1.284347 1.305150
0.686118 0.692839 0.699429 0.705872 0.712151 0.718252 0.724158 0.729853 0.735321 0.740547 0.745515 0.750209 0.754615 0.758717 0.762501 0.765951 0.769054 0.771795 0.774160 0.776136 0.777709 0.778867 0.779596 0.779885 0.779890 0.779890 0.779890 0.779890 0.779890 0.779890 0.779890 0.779890 0.779890 0.779890 0.779890 0.779890 0.779890 0.779890 0.779890 0.779890 0.779890 0.779890 0.779890 0.779890 0.779890 0.779890 0.779890 0.779890 0.799076 0.842342 0.884376 0.925120 0.964524 1.002534 1.039100 1.074174 1.107706 1.139651 1.169964 1.198602 1.225524 1.250688 1.274059 1.295598 1.315271
0.697607 0.703850 0.709958 0.715914 0.721701 0.727306 0.732711 0.737902 0.742863 0.747578 0.752033 0.756213 0.760102 0.763685 0.766949 0.769879 0.772461 0.774681 0.776526 0.777982 0.779036 0.779676 0.779890 0.779890 0.779890 0.779890 0.779890 0.779890 0.779890 0.779890 0.779890 0.779890 0.779890 0.779890 0.779890 0.779890 0.779890 0.779890 0.779890 0.779890 0.779890 0.779890 0.779890 0.779890 0.779890 0.779890 0.779890 0.784807 0.828018 0.870052 0.910853 0.950368 0.988544 1.025331 1.060678 1.094536 1.126859 1.157601 1.186718 1.214167 1.239907 1.263900 1.286107 1.306493 1.325024
0.708407 0.714177 0.719805 0.725277 0.730576 0.735687 0.740596 0.745286 0.749744 0.753953 0.757899 0.761567 0.764944 0.768013 0.770762 0.773176 0.775241 0.776945 0.778274 0.779214 0.779755 0.779890 0.779890 0.779890 0.779890 0.779890 0.779890 0.779890 0.779890 0.779890 0.779890 0.779890 0.779890 0.779890 0.779890 0.779890 0.779890 0.779890 0.779890 0.779890 0.779890 0.779890 0.779890 0.779890 0.779890 0.779890 0.779890 0.814814 0.856776 0.897562 0.937117 0.975387 1.012322 1.047870 1.081984 1.114613 1.145713 1.175238 1.203144 1.229391 1.253937 1.276744 1.297776 1.316996 1.334373
0.718502 0.723802 0.728955 0.733946 0.738760 0.743383 0.747798 0.751992 0.755950 0.759657 0.763099 0.766260 0.769128 0.771688 0.773926 0.775829 0.777382 0.778575 0.779392 0.779823 0.779890 0.779890 0.779890 0.779890 0.779890 0.779890 0.779890 0.779890 0.779890 0.779890 0.779890 0.779890 0.779890 0.779890 0.779890 0.779890 0.779890 0.779890 0.779890 0.779890 0.779890 0.779890 0.779890 0.779890 0.779890 0.779890 0.802781 0.844602 0.885302 0.924825 0.963120 1.000132 1.035812 1.070109 1.102975 1.134362 1.164226 1.192520 1.219205 1.244236 1.267576 1.289185 1.309029 1.327073 1.343283
0.727878 0.732711 0.737392 0.741907 0.746240 0.750378 0.754305 0.758007 0.761469 0.764678 0.767620 0.770279 0.772644 0.774698 0.776430 0.777827 0.778874 0.779560 0.779871 0.779890 0.779890 0.779890 0.779890 0.779890 0.779890 0.779890 0.779890 0.779890 0.779890 0.779890 0.779890 0.779890 0.779890 0.779890 0.779890 0.779890 0.779890 0.779890 0.779890 0.779890 0.779890 0.779890 0.779890 0.779890 0.779890 0.791966 0.833578 0.874123 0.913546 0.951795 0.988816 1.024557 1.058969 1.092002 1.123608 1.153741 1.182356 1.209409 1.234858 1.258663 1.280785 1.301186 1.319831 1.336686 1.351720
0.736518 0.740889 0.745103 0.749145 0.753002 0.756659 0.760102 0.763316 0.766288 0.769004 0.771450 0.773613 0.775478 0.777033 0.778264 0.779159 0.779705 0.779890 0.779890 0.779890 0.779890 0.779890 0.779890 0.779890 0.779890 0.779890 0.779890 0.779890 0.779890 0.779890 0.779890 0.779890 0.779890 0.779890 0.779890 0.779890 0.779890 0.779890 0.779890 0.779890 0.779890 0.779890 0.779890 0.779890 0.782410 0.823746 0.864070 0.903326 0.941462 0.978423 1.014158 1.048617 1.081748 1.113505 1.143840 1.172707 1.200062 1.225862 1.250065 1.272633 1.293526 1.312708 1.330145 1.345802 1.359649
0.744411 0.748324 0.752074 0.755648 0.759033 0.762214 0.765177 0.767909 0.770395 0.772623 0.774579 0.776249 0.777621 0.778681 0.779418 0.779817 0.779890 0.779890 0.779890 0.779890 0.779890 0.779890 0.779890 0.779890 0.779890 0.779890 0.779890 0.779890 0.779890 0.779890 0.779890 0.779890 0.779890 0.779890 0.779890 0.779890 0.779890 0.779890 0.779890 0.779890 0.779890 0.779890 0.779890 0.779890 0.815146 0.855183 0.894207 0.932164 0.968999 1.004662 1.039100 1.072264 1.104105 1.134575 1.163628 1.191218 1.217302 1.241839 1.264787 1.286107 1.305762 1.323715 1.339933 1.354383 1.367035